-0.3861288726
-0.3556347191
-0.3251405954
-0.2946464717
-0.2641809285
-0.2338868827
-0.2039358914
-0.1744994670
-0.1457491070
-0.1178563386
-0.0909926817
-0.0653296635
-0.0410387889
-0.0182569139
0.0030178106
0.0228218976
0.0411918648
0.0581642240
0.0737755001
0.0880621970
0.1010335982
0.1125899181
0.1226041541
0.1309492737
0.1374983042
0.1421242058
0.1446999609
0.1451650858
0.1437252164
0.1406524628
0.1362189949
0.1306968927
0.1243584305
0.1174756438
0.1103207394
0.1031204462
0.0959201902
0.0887198895
