1.0463909
1.0499284
1.0500113
1.0624859
1.0703104
1.0874245
1.0968682
1.1071934
1.1294993
1.1513976
1.1787198
1.2059024
1.2305271
1.2433809
1.271474
1.291298
1.317561
1.3405732
1.3664518
1.3901521
1.3980307
1.4051898
1.4055114
1.3927903
1.3883966
1.3776201
1.3660765
1.3587892
1.3437094
1.3282165
1.3037416
1.2788225
1.2580882
1.224081
1.1957591
1.1717974
1.1461158
1.1255394
1.1062845
1.0886662
1.0733862
1.0650492
1.0499844
1.0346546
1.0258592
1.019019
1.0156415
1.0059749
1.0030814
0.9919753
0.9834835
0.9740054
0.9670302
0.9534388
0.9417153
0.9263574
0.9138213
0.8967253
0.8754858
0.8550203
0.8304942
0.80359
0.7729671
